4780
8527
2807
5416
5077
1387
1269
5523
6906
5579
9006
8910
9115
1705
2629
2603
1875
1521
6504
4683
7946
9122
5564
1441
7334
9529
4265
8922
8693
7951
6704
9097
6384
9760
4157
3791
7564
2499
5335
9472
7005
8960
2335
7176
2404
1642
8061
3061
8063
1369
4830
2571
1948
1452
1022
8689
3374
2984
1163
3773
4854
7463
3202
9424
6223
1448
7415
1141
3219
7461
1060
7292
5565
3180
9043
5618
4601
5222
6419
8996
5136
5885
1716
9745
5058
3390
2787
6506
4313
8749
7092
1223
5496
8401
5637
8740
6018
2084
8993
8322
1561
9312
6938
9075
1290
4916
7676
2765
1136
8670
6311
9479
4857
8061
6812
7612
1840
4560
3374
3020
9190
4845
9276
8749
2349
2951
1974
1895
8436
9313
7706
6913
7183
4148
2623
7649
1040
2433
8369
9307
5868
8843
8658
4619
8655
8389
6337
5205
1166
6652
1760
6405
9433
2275
8717
7484
4437
3523
4598
3530
2703
5295
6435
4557
1323
2691
5785
5985
6571
2469
1925
9214
9853
7691
8424
3846
1456
5154
8035
4939
4675
2277
2191
5491
9539
2443
1650
3422
9613
7599
1625
2956
2380
9475
7722
5895
6279
3632
1482
4130
