275
340
697
719
367
518
184
261
553
707
44
249
172
884
640
607
443
907
504
635
827
881
616
356
84
724
952
32
728
741
700
547
248
650
759
84
753
292
514
256
518
406
352
234
403
183
331
431
309
553
711
854
300
629
935
410
623
754
483
868
430
741
567
844
478
433
136
758
632
65
338
825
429
404
316
423
786
56
886
306
996
298
740
276
587
200
857
951
215
534
843
783
565
500
896
28
717
113
271
913
79
50
189
802
810
276
301
376
78
872
676
384
382
316
843
421
863
9
130
206
308
121
340
242
862
409
30
640
884
553
351
43
955
829
477
798
93
551
828
582
162
996
467
70
972
486
925
527
192
168
371
69
518
970
739
612
956
969
267
922
994
297
887
857
677
3
71
299
159
185
604
747
288
27
105
617
584
814
461
105
900
425
888
571
464
395
827
505
766
211
169
7
559
615
235
336
352
552
416
561
